00196
00062
00073
00100
00140
00565
00591
00472
00512
00515
00514
00532
00533
00531
00563
00601
00603
00604
00511
00572
00785
00830
00902
00904
00906
00905
00981
01052
01056
01057
00253
01054
01053
00941
00944
00942
00943
00403
01058
00232
00402
00311
00332
00331
00404
00254
00999
00364
00361
00791
00363
00626
00984
00980
03040
04130
04120
04014
04015
04010
04012
04310
04330
04340
04350
04390
04392
04370
04064
04668
04020
04072
04071
04022
04075
04060
04512
04144
04145
04136
04139
04114
04510
04520
04540
04550
04810